EN	HFO	DO	LO	R	D
1634.45	89150.40	17623.90	196.60	16.19	95.53
1966.15	110578.00	13856.00	212.62	16.69	94.36
1979.88	117408.80	7828.20	507.97	16.69	94.54
2003.04	114625.40	12446.00	179.34	16.65	95.53
1997.64	115798.90	9188.90	231.37	16.87	95.24
1979.53	108953.10	16907.80	171.17	16.60	93.83
1972.62	106074.20	20169.00	163.35	16.50	93.35
1959.69	113293.80	10510.10	469.25	16.71	93.42
1994.26	117552.00	8892.70	103.37	16.65	94.22
1981.53	111274.50	14419.40	90.45	16.63	93.10
2002.54	118279.80	8261.70	0.00	16.69	93.80
2000.81	118577.40	7808.30	180.66	16.70	94.03
2006.36	116103.80	9700.20	150.00	16.82	93.93
1979.31	118882.20	4590.30	249.00	16.91	92.17
1955.70	114667.70	7655.10	1973.92	16.87	91.31
1957.58	109525.70	14692.40	2416.47	16.63	91.61
1974.07	114389.40	9410.00	2197.82	16.83	92.35
1992.00	114435.40	11266.60	1214.60	16.72	93.74
2034.31	120518.40	7691.80	0.00	16.75	97.11
2006.88	123914.70	2961.30	938.58	16.69	95.46
1983.40	120010.90	3281.80	542.26	17.00	94.48
1989.33	118613.30	7545.50	293.45	16.65	94.89
1955.07	111330.70	11929.30	1904.10	16.74	92.06
1951.31	120813.30	2173.20	1038.20	16.75	92.51
1941.82	114811.10	7238.20	2201.41	16.80	92.35
1949.10	120077.50	3492.30	1660.80	16.64	94.07
1950.34	120593.30	3355.50	965.92	16.60	93.33
1947.38	121338.00	2872.60	1893.47	16.55	92.20
2003.61	122386.10	4953.10	0.00	16.60	94.15
1989.44	121376.90	3407.90	0.00	16.82	92.83
1994.83	121902.00	2824.60	0.00	16.88	93.81
1989.04	123279.60	3360.00	0.00	16.58	94.25
1979.37	123062.90	2077.20	6.18	16.69	93.71
1949.09	119517.50	3423.60	2008.45	16.74	92.31
1947.64	118479.10	3773.30	1731.39	16.82	92.42
1923.55	111765.10	9845.60	271.52	16.70	90.98
1922.67	110775.60	10732.10	470.27	16.72	91.47
1921.50	112798.20	6445.70	55.61	17.02	90.87
1885.23	109514.40	9391.50	82.71	16.74	88.91
1893.32	112996.30	6009.90	172.33	16.80	90.70
1875.79	112123.20	5564.20	210.34	16.82	88.54
1892.83	114198.60	4259.20	411.01	16.87	89.87
1923.38	116536.90	3893.60	292.83	16.87	91.72
1911.80	116410.20	4339.30	153.48	16.72	90.88
1915.57	119623.70	2189.40	223.18	16.61	91.40
1931.21	117019.60	2171.90	696.65	17.11	91.89
1920.57	117025.90	3658.40	678.01	16.80	91.47
1927.02	119338.20	3513.50	172.16	16.57	91.72
1905.98	115681.30	2993.50	311.53	16.96	90.61
1928.76	118875.30	1755.10	139.16	16.88	90.86
1960.89	119051.50	4283.40	117.33	16.78	92.59
1933.02	120091.40	3478.80	397.19	16.51	91.88
1913.35	116797.80	3495.40	223.00	16.79	91.19
1891.62	109943.70	10037.80	483.74	16.65	91.15
1874.90	114702.60	3557.70	6.57	16.74	89.13
1897.15	113266.60	5673.50	0.00	16.83	89.63
1846.02	112295.60	4173.10	0.00	16.73	87.67
1819.21	111744.10	3761.40	142.70	16.63	86.58
1876.94	114062.20	4815.20	273.77	16.67	89.70
1896.68	114457.80	5439.20	499.08	16.71	90.67
1867.98	113119.90	5375.00	373.99	16.65	89.55
1832.01	110051.20	6124.60	68.49	16.66	89.27
1895.24	115462.80	5992.10	665.88	16.48	90.57
1912.99	115637.80	3908.90	468.76	16.90	92.20
1900.45	115005.10	6372.10	193.21	16.54	91.97
1916.31	115117.40	5814.40	619.85	16.74	93.03
1832.67	105126.70	11943.40	720.37	16.54	88.88
1832.62	110458.60	5972.60	351.69	16.62	88.04
1821.49	111387.00	3751.20	381.87	16.71	87.46
1808.99	106655.60	8491.30	623.95	16.60	87.52
1816.91	96431.10	15680.90	0.00	17.13	88.81
1810.87	100978.70	19867.10	455.24	15.84	89.41
1840.98	105736.90	11376.00	633.65	16.61	89.97
1834.91	105227.00	12680.10	34.11	16.44	89.23
1504.72	89087.70	7426.00	238.78	16.50	86.91
1546.30	91411.60	7948.70	525.73	16.47	87.34
1806.78	109981.60	4697.50	0.00	16.65	87.62
1827.59	99615.70	18522.60	2516.97	16.35	88.82
1822.43	97672.50	19921.80	411.42	16.38	89.06
1749.92	108549.90	5587.40	796.96	16.22	88.86
1706.46	105683.00	3547.80	252.77	16.53	88.29
1799.45	111011.30	3768.80	694.35	16.58	88.40
1787.49	107869.40	5833.40	239.54	16.63	89.37
1666.54	94397.00	13884.70	822.66	16.17	89.39
1784.42	100963.50	16295.70	238.69	16.36	90.00
1834.55	102006.60	16021.80	294.57	16.44	91.36
1814.87	103980.80	12452.70	27.35	16.48	88.58
1793.52	107063.40	7081.20	478.90	16.60	86.78
1835.78	109667.20	7140.10	0.00	16.61	89.94
1819.79	108716.80	8044.60	0.00	16.48	89.61
1827.13	108902.00	7059.70	432.62	16.66	90.09
1816.33	106775.30	7672.10	249.79	16.77	88.86
1801.46	105050.20	9234.70	267.85	16.66	89.05
1811.24	107085.30	7115.80	422.22	16.70	88.18
1772.95	105280.60	8263.50	205.71	16.50	86.88
1747.04	101234.90	11279.10	271.34	16.41	85.67
1772.25	104006.20	8373.00	87.98	16.67	87.44
1755.51	101593.30	10653.90	0.00	16.53	87.33
1750.36	95379.70	18400.10	0.00	16.26	86.93
1025.57	32757.30	35489.80	0.00	15.94	85.15
1119.72	51490.40	23058.50	0.00	15.92	84.46
1352.11	65529.90	22473.10	51.25	16.30	83.96
1323.42	67753.80	18825.00	124.25	16.22	87.54
1413.10	74103.50	17713.40	301.12	16.31	81.57
1636.34	83788.70	21943.40	469.15	16.38	81.50
1640.88	84190.10	22631.20	589.77	16.25	81.93
1643.34	84753.40	21415.80	795.16	16.39	84.29
1645.12	83925.20	22439.60	111.16	16.37	83.18
1634.60	78444.00	29092.90	313.40	16.10	83.57
1516.27	79245.20	18865.10	299.23	16.37	77.74
1519.29	88171.70	14554.80	114.14	15.66	76.51
1626.45	77355.20	23613.50	190.60	17.03	78.93
1648.84	82542.70	24750.10	93.59	16.25	81.12
1653.62	82074.90	25636.00	87.34	16.24	82.72
1633.80	83402.40	22876.50	331.12	16.27	82.43
1644.60	81211.40	26183.20	344.94	16.20	81.92
1649.16	90792.80	16114.30	0.00	16.32	82.72
1644.15	91046.90	15719.10	0.00	16.29	82.25
1631.71	89088.20	16259.30	0.00	16.39	82.86
1667.06	90647.30	17841.50	0.00	16.26	84.08
1645.40	92742.10	13697.60	0.00	16.35	81.61
1640.10	95251.30	10193.70	0.00	16.45	81.02
1640.24	89791.60	15253.80	1914.56	16.52	82.57
1644.77	96215.30	9312.10	658.73	16.49	82.74
1651.64	99166.30	6687.10	332.65	16.51	83.70
1637.18	96544.30	10944.50	188.71	16.12	83.21
1626.23	94682.70	7930.90	0.00	16.78	83.21
1634.18	93478.70	12513.30	0.00	16.33	82.86
1637.31	98861.40	6345.40	199.10	16.48	83.10
1520.52	85735.70	12520.70	1271.53	16.39	77.34
1111.33	58507.60	15231.60	130.97	16.06	78.64
1308.60	60250.20	26890.80	830.77	15.96	76.73
1299.05	52572.40	34629.50	446.59	15.81	78.18
1311.23	76662.40	7956.90	572.93	16.45	80.15
1346.25	80290.50	5529.80	266.99	16.64	74.27
1277.61	76857.50	4924.80	865.68	16.61	74.49
1116.17	64935.90	8047.90	422.52	16.26	75.37
1428.92	84595.10	7509.20	549.12	16.44	72.85
1303.32	73282.70	9375.10	739.91	16.73	77.25
1317.13	81899.80	2598.80	615.19	16.54	79.21
1240.63	76737.70	3137.70	0.00	16.50	78.50
1268.64	78195.70	3435.40	0.00	16.49	77.55
1258.38	75575.80	6499.00	813.50	16.28	75.14
1346.20	78276.80	9116.10	1041.48	16.33	75.76
1078.02	62109.20	8029.20	810.67	16.34	74.47
1287.31	70130.60	13465.60	29.12	16.33	76.39
1464.67	84597.50	9921.50	311.93	16.40	74.42
1251.14	77046.50	3718.70	1184.87	16.43	73.05
1463.01	90801.40	2940.00	903.17	16.53	74.01
1448.16	87803.50	5552.80	1078.92	16.43	74.18
1091.11	57581.00	14520.80	1504.78	16.11	74.96
1049.26	58406.90	10497.60	237.59	16.22	76.19
986.38	43236.90	23606.10	34.94	15.76	74.72
907.59	25701.20	35895.40	632.35	15.74	75.26
0.00	0.00	95.40	0.00	0.00	76.67
0.00	0.00	0.00	0.00	0.00	75.00
0.00	0.00	0.00	397.88	0.00	75.00
703.43	13588.40	34972.50	77.84	15.41	70.56
0.00	0.00	0.00	341.32	0.00	70.00
849.81	43579.40	12543.40	193.82	16.12	68.26
1154.52	69304.20	6086.50	609.08	16.27	74.38
995.59	57207.10	9161.50	170.45	16.00	77.43
1090.66	66712.30	5006.90	0.00	16.20	77.23
1306.50	77481.80	6874.90	1327.47	16.43	73.46
1400.02	79379.10	11365.10	80.40	16.35	76.45
0.00	0.00	0.00	0.00	0.00	80.00
1006.48	52768.90	13144.40	251.92	16.24	77.28
639.84	31103.90	10320.90	37.09	16.48	77.98
624.77	29573.50	11934.90	402.64	16.05	78.33
645.45	29946.60	12380.70	202.95	16.27	77.97
706.94	38181.70	7580.10	1149.67	16.45	79.04
226.52	10325.20	5025.30	1118.42	15.82	80.00
948.55	55013.10	6265.40	425.57	16.49	76.69
823.18	46190.50	7097.70	87.99	16.44	77.30
338.32	16931.40	5721.20	285.05	15.98	76.06
446.17	19687.30	9909.80	65.78	16.08	73.36
413.23	18017.80	8910.40	144.73	16.38	77.55
938.61	51945.60	8351.10	384.78	16.52	78.36
250.46	8842.30	8535.30	0.00	15.38	78.33
272.28	8626.20	10029.00	72.37	15.59	78.33
941.08	51122.20	10093.50	417.73	16.33	78.53
646.65	28939.30	14361.00	773.17	15.91	79.49
638.43	24017.20	18298.00	181.69	16.10	79.86
782.29	38647.10	12294.20	270.98	16.33	77.69
989.29	54563.80	10870.50	151.83	16.07	78.90
718.90	38139.70	8846.40	48.31	16.32	80.03
332.04	16559.50	5566.20	47.93	16.00	83.33
912.03	49768.40	9878.50	413.54	16.25	81.17
862.61	45175.20	11596.80	37.70	16.15	80.33
848.29	49396.90	6101.00	647.46	16.24	78.62
861.33	37704.90	19489.90	122.76	16.00	76.63
709.54	41399.30	3855.60	330.00	16.68	79.32
0.00	0.00	0.00	0.00	0.00	80.00
0.00	0.00	0.00	0.00	0.00	80.00
678.06	31484.10	12577.80	136.83	16.39	77.00
741.30	42201.40	6071.70	227.30	16.31	79.51
623.71	33777.30	7602.10	364.16	16.09	79.75
536.84	30157.60	6371.60	0.00	15.70	79.57
817.94	47730.60	6181.60	73.15	16.13	78.49
624.23	33811.90	6993.20	41.09	16.32	77.35
207.62	8837.30	5177.30	61.63	15.90	75.00
510.63	23634.20	10219.50	345.55	16.11	75.48
515.36	24464.60	9972.40	41.64	16.01	76.24
478.10	24114.50	7150.90	0.00	16.34	76.37
380.39	19821.60	5592.60	48.58	16.00	76.67
0.00	0.00	0.00	0.00	0.00	78.33
264.04	10790.10	7366.20	0.00	15.57	75.86
268.89	13603.00	4559.10	264.36	15.83	73.33
338.08	14350.90	8698.50	376.32	15.70	76.60
375.16	18659.20	6531.40	49.64	15.93	78.42
427.93	20049.40	8430.50	653.19	16.03	81.13
284.26	11310.30	8119.50	14.42	15.64	85.82
0.00	0.00	0.00	0.00	0.00	90.00
483.88	25587.10	7878.50	79.41	15.44	77.19
0.00	0.00	850.20	0.00	0.00	76.67
691.27	34492.90	10004.60	7.25	16.50	75.31
1337.56	81092.30	5678.60	101.59	16.33	77.61
699.61	35374.70	10236.10	65.31	16.34	77.69
505.75	25760.40	7643.80	0.00	16.12	79.93
602.30	30270.10	9572.80	406.60	16.10	76.88
246.36	9825.50	7242.00	409.50	15.44	74.58
204.40	7115.40	6607.60	0.00	15.93	76.44
539.33	30407.50	5172.20	36.60	16.14	75.08
633.41	33839.10	8042.40	154.05	16.14	75.78
905.56	47276.80	12712.60	242.21	16.05	78.74
848.86	47652.00	8206.00	102.90	16.15	78.02
674.03	36414.80	8227.40	154.37	16.07	80.53
616.76	31695.50	8970.50	866.26	16.13	80.97
305.37	10925.80	9605.10	933.64	15.89	79.72
804.40	43257.80	9368.70	6.82	16.24	81.36
605.96	30002.10	10440.20	54.58	15.98	81.07
555.30	25452.40	11458.00	128.20	16.05	80.70
394.55	15813.00	11202.90	7.24	15.61	80.02
310.05	12107.80	8827.90	36.19	15.80	81.15
0.00	0.00	0.00	0.00	0.00	0.00
0.00	0.00	0.00	0.00	0.00	0.00
0.00	0.00	0.00	0.00	0.00	0.00
0.00	0.00	0.00	0.00	0.00	0.00
0.00	0.00	0.00	0.00	0.00	0.00
0.00	0.00	0.00	0.00	0.00	0.00
0.00	0.00	0.00	0.00	0.00	0.00
0.00	0.00	0.00	0.00	0.00	0.00
0.00	0.00	0.00	868.88	0.00	0.00
858.65	49984.80	11252.80	42.78	14.81	45.59
1658.19	100737.80	8708.40	141.08	16.02	84.60
1774.99	105871.30	6415.50	768.06	16.69	89.50
1779.89	106134.50	7194.30	192.57	16.62	92.55
1826.06	108978.20	6886.30	499.93	16.64	92.12
1800.56	105148.00	8189.70	571.90	16.79	91.22
1810.32	106204.00	8181.60	155.06	16.73	91.44
1828.27	110781.50	4775.90	310.48	16.71	92.13
1818.97	109460.40	4777.60	0.00	16.81	90.92
1811.37	108616.20	5861.10	0.00	16.70	88.76
1805.13	105713.40	7316.80	104.82	16.87	89.17
1832.50	104089.60	10585.80	168.00	16.87	91.08
1826.11	105671.30	9329.00	72.11	16.78	92.43
1796.96	107003.80	6625.60	392.80	16.72	91.34
1800.78	105579.20	8709.80	267.45	16.66	90.92
1817.82	106577.20	8145.20	974.57	16.75	91.26
1812.00	109337.70	5297.60	135.70	16.70	90.13
1795.55	110878.90	3722.10	676.29	16.55	89.31
1792.69	109609.80	4195.20	1254.88	16.64	89.44
1798.56	110592.60	4327.10	636.61	16.54	90.49
1801.94	110210.00	4794.90	62.04	16.55	90.37
1617.30	97982.80	4609.30	571.65	16.67	90.26
1773.68	105960.00	7061.40	417.52	16.58	87.67
1812.77	107355.30	10554.60	65.78	16.25	90.82
1817.25	105071.50	10026.80	138.86	16.68	91.31
1830.65	108369.40	9453.10	364.02	16.42	92.45
1823.58	110563.90	6626.10	870.34	16.44	91.81
1821.82	111413.40	4529.70	768.70	16.60	91.51
1820.70	112691.00	4027.00	291.51	16.48	91.39
1820.98	108913.90	7706.80	519.78	16.49	91.42
1824.47	109875.80	4093.60	107.32	16.91	91.48
1818.88	111220.90	8869.10	312.45	16.00	91.52
1807.38	109016.50	7351.30	359.80	16.41	90.81
1807.03	110234.90	5667.60	155.06	16.47	90.51
1796.79	108694.70	6373.10	310.62	16.49	91.82
1785.71	108973.30	6053.00	476.90	16.40	89.10
1776.44	106798.80	6965.80	397.50	16.50	88.41
1789.04	108966.50	6096.60	0.00	16.43	89.44
1775.91	109025.60	4584.20	0.00	16.51	88.02
1778.97	109459.90	4687.00	0.00	16.46	87.85
1653.18	85623.20	21834.00	81.55	16.25	89.61
339.04	11998.80	11605.90	3234.09	15.27	89.01
842.28	44152.00	11103.20	352.81	16.16	87.81
864.16	43995.20	13450.10	77.20	15.93	87.30
831.06	35625.40	19890.30	340.94	15.87	86.25
828.36	32931.30	20823.20	0.00	16.34	84.42
866.36	43377.60	13233.00	102.86	16.19	84.86
329.85	12101.70	10214.30	0.00	15.76	85.51
0.00	0.00	0.00	565.00	0.00	86.67
877.88	44929.80	13211.20	1997.55	15.99	84.60
808.03	40128.20	13387.10	307.14	16.00	87.72
938.65	37668.10	23802.80	236.81	16.19	89.97
1069.27	49070.20	20815.70	110.43	16.20	90.33
1520.61	77539.60	21236.80	158.74	16.29	91.17
1827.23	92879.30	26251.20	136.28	16.21	92.83
1788.44	100164.20	14791.70	443.93	16.42	89.59
1734.08	104465.90	7278.90	75.40	16.38	83.77
1829.51	102896.30	16050.20	574.56	16.24	91.50
1824.23	107847.90	8274.00	732.08	16.59	89.60
1829.76	114560.70	4395.10	783.44	16.25	91.15
1810.08	107625.50	7181.40	301.85	16.65	91.39
1820.78	110872.80	4706.10	0.00	16.64	91.66
1817.29	111080.80	4739.60	51.25	16.57	90.81
1803.86	109671.50	4952.70	1484.16	16.62	90.51
1814.27	108837.80	6708.10	287.02	16.59	91.68
1812.43	107104.30	7112.40	207.52	16.76	91.73
1783.89	104941.90	6659.70	799.28	16.88	89.38
1789.78	110030.80	3045.70	271.51	16.72	89.75
1808.33	111142.30	4165.80	602.26	16.57	90.96
1781.81	109235.40	3062.70	571.78	16.77	90.02
1806.30	110890.80	3338.80	806.88	16.70	89.91
1797.69	100283.88	14267.20	967.74	16.57	89.32
1806.33	112705.42	1997.40	461.99	16.63	89.49
1818.43	110978.20	3978.40	76.87	16.71	91.04
1823.33	108277.80	7687.80	41.93	16.59	90.25
1777.72	108255.20	5255.00	1151.38	16.55	89.85
1784.01	105540.10	7560.50	65.89	16.66	88.88
1789.35	106067.10	8212.80	688.19	16.54	89.77
1787.37	107775.20	6394.60	671.76	16.54	89.16
1789.65	110680.80	4359.50	0.00	16.43	89.01
1790.72	114857.00	4301.00	0.00	15.88	89.27
1806.49	100735.70	7058.10	305.87	17.70	89.55
1805.47	107105.20	8143.50	1733.15	16.54	87.39
1802.37	108407.30	7000.80	326.26	16.50	90.30
1772.17	106311.40	7274.30	93.50	16.47	87.58
1767.51	109918.60	3809.50	1002.41	16.42	87.04
1807.60	108129.00	5604.70	695.08	16.78	88.74
1807.12	105006.30	10653.10	171.33	16.50	89.86
1806.83	97151.70	18241.00	337.83	16.55	91.09
1826.86	104700.00	13338.50	727.45	16.36	94.35
1811.40	105204.10	9175.90	163.73	16.75	92.80
1818.29	106832.70	8654.40	130.46	16.65	92.76
1821.01	109495.40	7339.40	642.09	16.48	92.83
1816.42	101620.70	13570.50	292.80	16.66	92.60
1808.48	102216.70	14716.10	634.10	16.35	91.82
1811.18	96849.30	18819.90	471.48	16.56	92.06
1821.84	96543.60	21002.80	394.83	16.39	94.17
1743.37	107186.80	4398.80	426.44	16.52	89.32
1767.47	110013.40	2797.60	546.51	16.56	87.37
1821.79	106822.80	8232.10	94.83	16.74	91.54
1821.51	106743.90	9172.70	0.00	16.61	91.34
1819.40	105029.00	11351.50	183.41	16.53	91.77
1797.55	104652.90	9505.80	1141.96	16.65	91.91
1810.57	103852.60	11726.60	731.78	16.56	91.69
1827.76	103493.50	12033.00	785.14	16.72	92.41
1785.99	101327.50	12939.20	277.54	16.52	89.65
1741.58	105342.10	9377.50	640.97	16.05	87.51
1797.54	97820.80	13016.30	36.69	17.14	89.96
1884.71	100813.00	16064.10	389.12	17.03	93.63
1887.56	109959.50	12171.00	154.36	16.33	94.85
1892.70	107087.60	12421.80	249.50	16.72	94.35
1911.14	109785.50	13647.10	308.29	16.34	93.50
1941.93	110325.60	14650.40	367.19	16.40	95.21
1887.99	107639.10	12578.30	1028.68	16.58	94.55
1917.68	108169.60	13371.70	806.25	16.67	95.21
1880.56	108787.40	12773.30	1171.10	16.34	94.14
1906.03	109004.60	13414.40	1331.94	16.44	94.83
1894.15	110062.40	11120.90	298.53	16.51	94.15
1889.47	107846.10	12712.30	211.80	16.55	93.87
1908.49	109236.40	13099.50	190.26	16.48	95.62
1883.65	105773.80	15149.80	358.31	16.46	94.44
1813.57	111174.90	5765.40	492.78	16.39	90.95
